# Created by Octave 4.0.3, Thu Nov 03 15:34:57 2016 GMT <unknown@asus-PC>
# name: v
# type: matrix
# rows: 1
# columns: 10
 -0.1170101332020689 0.4468847674304396 0.286585934077105 -0.2237732575223472 -0.5689398894342099 -0.2394754969787502 -0.9056640198008421 -0.2289509569417778 0.5206252289695796 -0.6101098681375313


